104 659
117 655
136 651
149 649
168 645
185 641
201 637
217 633
232 630
245 629
258 627
270 626
283 624
297 623
313 622
327 623
327 623
338 621
354 619
366 616
379 614
397 610
410 608
422 606
438 605
456 601
473 598
486 594
506 588
524 583
544 578
556 573
568 570
586 565
605 559
618 555
637 548
656 542
672 535
686 530
701 525
713 521
726 516
740 513
756 510
769 507
783 505
796 503
812 499
826 494
840 493
853 490
865.0000152587891 485
878.0000152587891 483
891.0000152587891 478
904.0000152587891 474
917.0000152587891 471
930.0000152587891 468
942.0000152587891 465
955.0000152587891 461
969.0000152587891 458
982.0000152587891 455
994.0000152587891 453
1008.0000152587891 451
1020.0000152587891 448
1034.000015258789 444
1046.000015258789 441
1059.000015258789 438
1073.000015258789 434
1073.000015258789 434
1084 432
1098 428
1110 423
1123 419
1136 415
1148 410
1162 404
1174 401
1187 397
1199 393
1213 389
1227 385
1240 384
1252 381
1265 377
1277 374
1290 369
1303 365
1317 361
1329 356
1342 353
1342 353
1355 348
1368 342
1382 338
1394 334
1407 330
1418 327
1433 322
1447 317
1459 313
1474 308
1486 305